000 140101001000 00000000 00000001 00000000 00000000 00000000 00000000 00000000 00000000 00000000 00000000 00000000 00000000 00000000 00000000 00000000 00000000
001 14010200601C 00000000 00000006 0000001c 00000000 00000000 00000000 00000000 00000000 00000000 00000000 00000000 00000000 00000000 00000000 00000000 00000000
002 138100011000 00000000 00000011 00000000 00000000 00000000 00000000 00000000 00000000 00000000 00000000 00000000 00000000 00000000 00000000 00000000 00000000
003 140102010000 00000000 00000010 00000000 00000000 00000000 00000000 00000000 00000000 00000000 00000000 00000000 00000000 00000000 00000000 00000000 00000000
004 00A100007000 00000000 00000007 00000000 00000000 00000000 00000000 00000000 00000000 00000000 00000000 00000000 00000000 00000000 00000000 00000000 00000000
005 09081200000A 00000000 00000000 0000000a 00000000 00000000 00000000 00000000 00000000 00000000 00000000 00000007 00000000 00000000 00000000 00000000 00000000
00A 14010A00F000 00000000 0000000f 00000000 00000000 00000000 00000000 00000000 00000000 00000000 00000000 00000007 00000000 00000000 00000000 00000000 00000000
00B 14010200E001 00000000 0000000e 00000001 00000000 00000000 00000000 00000000 00000000 00000000 00000000 00000007 00000000 00000000 00000000 00000000 00000000
00C 007000000000 00000000 00000000 00000000 00000000 00000000 00000000 00000000 00000000 00000000 00000000 00000007 00000000 00000000 00000000 00000000 00000000
00D 0B0712400013 00000000 00000400 00000013 00000000 00000000 00000000 00000000 00000000 00000000 00000000 00000007 00000000 00000000 00000000 00000000 00000000
013 007710001000 00000000 00000001 00000000 00000000 00000000 00000000 00000000 00000000 00000000 00000000 00000007 00000000 00000000 00000000 00000000 00000000
014 0B7102400013 00000000 00000400 00000013 00000000 00000000 00000000 00000000 00000001 00000000 00000000 00000007 00000000 00000000 00000000 00000000 00000000
015 090712400016 00000000 00000400 00000016 00000000 00000000 00000000 00000000 00000001 00000000 00000000 00000007 00000000 00000000 00000000 00000000 00000000
016 09000100E000 00000000 0000000e 00000000 00000000 00000000 00000000 00000000 00000001 00000000 00000000 00000007 00000000 00000000 00000000 00000000 00000000
00E 00AA10001000 00000000 00000001 00000000 00000000 00000000 00000000 00000000 00000001 00000000 00000000 00000007 00000000 00000000 00000000 00000000 00000000
00F 14010A00F000 00000000 0000000f 00000000 00000000 00000000 00000000 00000000 00000001 00000000 00000000 00000008 00000000 00000000 00000000 00000000 00000000
010 14010200E002 00000000 0000000e 00000002 00000000 00000000 00000000 00000000 00000001 00000000 00000000 00000008 00000000 00000000 00000000 00000000 00000000
011 007000000000 00000000 00000000 00000000 00000000 00000000 00000000 00000000 00000001 00000000 00000000 00000008 00000000 00000000 00000000 00000000 00000000
012 0B0712400017 00000000 00000400 00000017 00000000 00000000 00000000 00000000 00000000 00000000 00000000 00000008 00000000 00000000 00000000 00000000 00000000
017 007710001000 00000000 00000001 00000000 00000000 00000000 00000000 00000000 00000000 00000000 00000000 00000008 00000000 00000000 00000000 00000000 00000000
018 0B7102400017 00000000 00000400 00000017 00000000 00000000 00000000 00000000 00000001 00000000 00000000 00000008 00000000 00000000 00000000 00000000 00000000
019 09071240001A 00000000 00000400 0000001a 00000000 00000000 00000000 00000000 00000001 00000000 00000000 00000008 00000000 00000000 00000000 00000000 00000000
01A 090001007000 00000000 00000007 00000000 00000000 00000000 00000000 00000000 00000001 00000000 00000000 00000008 00000000 00000000 00000000 00000000 00000000
007 01AA10002000 00000000 00000002 00000000 00000000 00000000 00000000 00000000 00000001 00000000 00000000 00000008 00000000 00000000 00000000 00000000 00000000
008 0E0A0100A000 00000000 0000000a 00000000 00000000 00000000 00000000 00000000 00000001 00000000 00000000 00000006 00000000 00000000 00000000 00000000 00000000
00A 14010A00F000 00000000 0000000f 00000000 00000000 00000000 00000000 00000000 00000001 00000000 00000000 00000006 00000000 00000000 00000000 00000000 00000000
00B 14010200E001 00000000 0000000e 00000001 00000000 00000000 00000000 00000000 00000001 00000000 00000000 00000006 00000000 00000000 00000000 00000000 00000000
00C 007000000000 00000000 00000000 00000000 00000000 00000000 00000000 00000000 00000001 00000000 00000000 00000006 00000000 00000000 00000000 00000000 00000000
00D 0B0712400013 00000000 00000400 00000013 00000000 00000000 00000000 00000000 00000000 00000000 00000000 00000006 00000000 00000000 00000000 00000000 00000000
013 007710001000 00000000 00000001 00000000 00000000 00000000 00000000 00000000 00000000 00000000 00000000 00000006 00000000 00000000 00000000 00000000 00000000
014 0B7102400013 00000000 00000400 00000013 00000000 00000000 00000000 00000000 00000001 00000000 00000000 00000006 00000000 00000000 00000000 00000000 00000000
015 090712400016 00000000 00000400 00000016 00000000 00000000 00000000 00000000 00000001 00000000 00000000 00000006 00000000 00000000 00000000 00000000 00000000
016 09000100E000 00000000 0000000e 00000000 00000000 00000000 00000000 00000000 00000001 00000000 00000000 00000006 00000000 00000000 00000000 00000000 00000000
00E 00AA10001000 00000000 00000001 00000000 00000000 00000000 00000000 00000000 00000001 00000000 00000000 00000006 00000000 00000000 00000000 00000000 00000000
00F 14010A00F000 00000000 0000000f 00000000 00000000 00000000 00000000 00000000 00000001 00000000 00000000 00000007 00000000 00000000 00000000 00000000 00000000
010 14010200E002 00000000 0000000e 00000002 00000000 00000000 00000000 00000000 00000001 00000000 00000000 00000007 00000000 00000000 00000000 00000000 00000000
011 007000000000 00000000 00000000 00000000 00000000 00000000 00000000 00000000 00000001 00000000 00000000 00000007 00000000 00000000 00000000 00000000 00000000
012 0B0712400017 00000000 00000400 00000017 00000000 00000000 00000000 00000000 00000000 00000000 00000000 00000007 00000000 00000000 00000000 00000000 00000000
017 007710001000 00000000 00000001 00000000 00000000 00000000 00000000 00000000 00000000 00000000 00000000 00000007 00000000 00000000 00000000 00000000 00000000
018 0B7102400017 00000000 00000400 00000017 00000000 00000000 00000000 00000000 00000001 00000000 00000000 00000007 00000000 00000000 00000000 00000000 00000000
019 09071240001A 00000000 00000400 0000001a 00000000 00000000 00000000 00000000 00000001 00000000 00000000 00000007 00000000 00000000 00000000 00000000 00000000
01A 090001007000 00000000 00000007 00000000 00000000 00000000 00000000 00000000 00000001 00000000 00000000 00000007 00000000 00000000 00000000 00000000 00000000
007 01AA10002000 00000000 00000002 00000000 00000000 00000000 00000000 00000000 00000001 00000000 00000000 00000007 00000000 00000000 00000000 00000000 00000000
008 0E0A0100A000 00000000 0000000a 00000000 00000000 00000000 00000000 00000000 00000001 00000000 00000000 00000005 00000000 00000000 00000000 00000000 00000000
00A 14010A00F000 00000000 0000000f 00000000 00000000 00000000 00000000 00000000 00000001 00000000 00000000 00000005 00000000 00000000 00000000 00000000 00000000
00B 14010200E001 00000000 0000000e 00000001 00000000 00000000 00000000 00000000 00000001 00000000 00000000 00000005 00000000 00000000 00000000 00000000 00000000
00C 007000000000 00000000 00000000 00000000 00000000 00000000 00000000 00000000 00000001 00000000 00000000 00000005 00000000 00000000 00000000 00000000 00000000
00D 0B0712400013 00000000 00000400 00000013 00000000 00000000 00000000 00000000 00000000 00000000 00000000 00000005 00000000 00000000 00000000 00000000 00000000
013 007710001000 00000000 00000001 00000000 00000000 00000000 00000000 00000000 00000000 00000000 00000000 00000005 00000000 00000000 00000000 00000000 00000000
014 0B7102400013 00000000 00000400 00000013 00000000 00000000 00000000 00000000 00000001 00000000 00000000 00000005 00000000 00000000 00000000 00000000 00000000
015 090712400016 00000000 00000400 00000016 00000000 00000000 00000000 00000000 00000001 00000000 00000000 00000005 00000000 00000000 00000000 00000000 00000000
016 09000100E000 00000000 0000000e 00000000 00000000 00000000 00000000 00000000 00000001 00000000 00000000 00000005 00000000 00000000 00000000 00000000 00000000
00E 00AA10001000 00000000 00000001 00000000 00000000 00000000 00000000 00000000 00000001 00000000 00000000 00000005 00000000 00000000 00000000 00000000 00000000
00F 14010A00F000 00000000 0000000f 00000000 00000000 00000000 00000000 00000000 00000001 00000000 00000000 00000006 00000000 00000000 00000000 00000000 00000000
010 14010200E002 00000000 0000000e 00000002 00000000 00000000 00000000 00000000 00000001 00000000 00000000 00000006 00000000 00000000 00000000 00000000 00000000
011 007000000000 00000000 00000000 00000000 00000000 00000000 00000000 00000000 00000001 00000000 00000000 00000006 00000000 00000000 00000000 00000000 00000000
012 0B0712400017 00000000 00000400 00000017 00000000 00000000 00000000 00000000 00000000 00000000 00000000 00000006 00000000 00000000 00000000 00000000 00000000
017 007710001000 00000000 00000001 00000000 00000000 00000000 00000000 00000000 00000000 00000000 00000000 00000006 00000000 00000000 00000000 00000000 00000000
018 0B7102400017 00000000 00000400 00000017 00000000 00000000 00000000 00000000 00000001 00000000 00000000 00000006 00000000 00000000 00000000 00000000 00000000
019 09071240001A 00000000 00000400 0000001a 00000000 00000000 00000000 00000000 00000001 00000000 00000000 00000006 00000000 00000000 00000000 00000000 00000000
01A 090001007000 00000000 00000007 00000000 00000000 00000000 00000000 00000000 00000001 00000000 00000000 00000006 00000000 00000000 00000000 00000000 00000000
007 01AA10002000 00000000 00000002 00000000 00000000 00000000 00000000 00000000 00000001 00000000 00000000 00000006 00000000 00000000 00000000 00000000 00000000
008 0E0A0100A000 00000000 0000000a 00000000 00000000 00000000 00000000 00000000 00000001 00000000 00000000 00000004 00000000 00000000 00000000 00000000 00000000
00A 14010A00F000 00000000 0000000f 00000000 00000000 00000000 00000000 00000000 00000001 00000000 00000000 00000004 00000000 00000000 00000000 00000000 00000000
00B 14010200E001 00000000 0000000e 00000001 00000000 00000000 00000000 00000000 00000001 00000000 00000000 00000004 00000000 00000000 00000000 00000000 00000000
00C 007000000000 00000000 00000000 00000000 00000000 00000000 00000000 00000000 00000001 00000000 00000000 00000004 00000000 00000000 00000000 00000000 00000000
00D 0B0712400013 00000000 00000400 00000013 00000000 00000000 00000000 00000000 00000000 00000000 00000000 00000004 00000000 00000000 00000000 00000000 00000000
013 007710001000 00000000 00000001 00000000 00000000 00000000 00000000 00000000 00000000 00000000 00000000 00000004 00000000 00000000 00000000 00000000 00000000
014 0B7102400013 00000000 00000400 00000013 00000000 00000000 00000000 00000000 00000001 00000000 00000000 00000004 00000000 00000000 00000000 00000000 00000000
015 090712400016 00000000 00000400 00000016 00000000 00000000 00000000 00000000 00000001 00000000 00000000 00000004 00000000 00000000 00000000 00000000 00000000
016 09000100E000 00000000 0000000e 00000000 00000000 00000000 00000000 00000000 00000001 00000000 00000000 00000004 00000000 00000000 00000000 00000000 00000000
00E 00AA10001000 00000000 00000001 00000000 00000000 00000000 00000000 00000000 00000001 00000000 00000000 00000004 00000000 00000000 00000000 00000000 00000000
00F 14010A00F000 00000000 0000000f 00000000 00000000 00000000 00000000 00000000 00000001 00000000 00000000 00000005 00000000 00000000 00000000 00000000 00000000
010 14010200E002 00000000 0000000e 00000002 00000000 00000000 00000000 00000000 00000001 00000000 00000000 00000005 00000000 00000000 00000000 00000000 00000000
011 007000000000 00000000 00000000 00000000 00000000 00000000 00000000 00000000 00000001 00000000 00000000 00000005 00000000 00000000 00000000 00000000 00000000
012 0B0712400017 00000000 00000400 00000017 00000000 00000000 00000000 00000000 00000000 00000000 00000000 00000005 00000000 00000000 00000000 00000000 00000000
017 007710001000 00000000 00000001 00000000 00000000 00000000 00000000 00000000 00000000 00000000 00000000 00000005 00000000 00000000 00000000 00000000 00000000
018 0B7102400017 00000000 00000400 00000017 00000000 00000000 00000000 00000000 00000001 00000000 00000000 00000005 00000000 00000000 00000000 00000000 00000000
019 09071240001A 00000000 00000400 0000001a 00000000 00000000 00000000 00000000 00000001 00000000 00000000 00000005 00000000 00000000 00000000 00000000 00000000
01A 090001007000 00000000 00000007 00000000 00000000 00000000 00000000 00000000 00000001 00000000 00000000 00000005 00000000 00000000 00000000 00000000 00000000
007 01AA10002000 00000000 00000002 00000000 00000000 00000000 00000000 00000000 00000001 00000000 00000000 00000005 00000000 00000000 00000000 00000000 00000000
008 0E0A0100A000 00000000 0000000a 00000000 00000000 00000000 00000000 00000000 00000001 00000000 00000000 00000003 00000000 00000000 00000000 00000000 00000000
00A 14010A00F000 00000000 0000000f 00000000 00000000 00000000 00000000 00000000 00000001 00000000 00000000 00000003 00000000 00000000 00000000 00000000 00000000
00B 14010200E001 00000000 0000000e 00000001 00000000 00000000 00000000 00000000 00000001 00000000 00000000 00000003 00000000 00000000 00000000 00000000 00000000
00C 007000000000 00000000 00000000 00000000 00000000 00000000 00000000 00000000 00000001 00000000 00000000 00000003 00000000 00000000 00000000 00000000 00000000
00D 0B0712400013 00000000 00000400 00000013 00000000 00000000 00000000 00000000 00000000 00000000 00000000 00000003 00000000 00000000 00000000 00000000 00000000
013 007710001000 00000000 00000001 00000000 00000000 00000000 00000000 00000000 00000000 00000000 00000000 00000003 00000000 00000000 00000000 00000000 00000000
014 0B7102400013 00000000 00000400 00000013 00000000 00000000 00000000 00000000 00000001 00000000 00000000 00000003 00000000 00000000 00000000 00000000 00000000
015 090712400016 00000000 00000400 00000016 00000000 00000000 00000000 00000000 00000001 00000000 00000000 00000003 00000000 00000000 00000000 00000000 00000000
016 09000100E000 00000000 0000000e 00000000 00000000 00000000 00000000 00000000 00000001 00000000 00000000 00000003 00000000 00000000 00000000 00000000 00000000
00E 00AA10001000 00000000 00000001 00000000 00000000 00000000 00000000 00000000 00000001 00000000 00000000 00000003 00000000 00000000 00000000 00000000 00000000
00F 14010A00F000 00000000 0000000f 00000000 00000000 00000000 00000000 00000000 00000001 00000000 00000000 00000004 00000000 00000000 00000000 00000000 00000000
010 14010200E002 00000000 0000000e 00000002 00000000 00000000 00000000 00000000 00000001 00000000 00000000 00000004 00000000 00000000 00000000 00000000 00000000
011 007000000000 00000000 00000000 00000000 00000000 00000000 00000000 00000000 00000001 00000000 00000000 00000004 00000000 00000000 00000000 00000000 00000000
012 0B0712400017 00000000 00000400 00000017 00000000 00000000 00000000 00000000 00000000 00000000 00000000 00000004 00000000 00000000 00000000 00000000 00000000
017 007710001000 00000000 00000001 00000000 00000000 00000000 00000000 00000000 00000000 00000000 00000000 00000004 00000000 00000000 00000000 00000000 00000000
018 0B7102400017 00000000 00000400 00000017 00000000 00000000 00000000 00000000 00000001 00000000 00000000 00000004 00000000 00000000 00000000 00000000 00000000
019 09071240001A 00000000 00000400 0000001a 00000000 00000000 00000000 00000000 00000001 00000000 00000000 00000004 00000000 00000000 00000000 00000000 00000000
01A 090001007000 00000000 00000007 00000000 00000000 00000000 00000000 00000000 00000001 00000000 00000000 00000004 00000000 00000000 00000000 00000000 00000000
007 01AA10002000 00000000 00000002 00000000 00000000 00000000 00000000 00000000 00000001 00000000 00000000 00000004 00000000 00000000 00000000 00000000 00000000
008 0E0A0100A000 00000000 0000000a 00000000 00000000 00000000 00000000 00000000 00000001 00000000 00000000 00000002 00000000 00000000 00000000 00000000 00000000
00A 14010A00F000 00000000 0000000f 00000000 00000000 00000000 00000000 00000000 00000001 00000000 00000000 00000002 00000000 00000000 00000000 00000000 00000000
00B 14010200E001 00000000 0000000e 00000001 00000000 00000000 00000000 00000000 00000001 00000000 00000000 00000002 00000000 00000000 00000000 00000000 00000000
00C 007000000000 00000000 00000000 00000000 00000000 00000000 00000000 00000000 00000001 00000000 00000000 00000002 00000000 00000000 00000000 00000000 00000000
00D 0B0712400013 00000000 00000400 00000013 00000000 00000000 00000000 00000000 00000000 00000000 00000000 00000002 00000000 00000000 00000000 00000000 00000000
013 007710001000 00000000 00000001 00000000 00000000 00000000 00000000 00000000 00000000 00000000 00000000 00000002 00000000 00000000 00000000 00000000 00000000
014 0B7102400013 00000000 00000400 00000013 00000000 00000000 00000000 00000000 00000001 00000000 00000000 00000002 00000000 00000000 00000000 00000000 00000000
015 090712400016 00000000 00000400 00000016 00000000 00000000 00000000 00000000 00000001 00000000 00000000 00000002 00000000 00000000 00000000 00000000 00000000
016 09000100E000 00000000 0000000e 00000000 00000000 00000000 00000000 00000000 00000001 00000000 00000000 00000002 00000000 00000000 00000000 00000000 00000000
00E 00AA10001000 00000000 00000001 00000000 00000000 00000000 00000000 00000000 00000001 00000000 00000000 00000002 00000000 00000000 00000000 00000000 00000000
00F 14010A00F000 00000000 0000000f 00000000 00000000 00000000 00000000 00000000 00000001 00000000 00000000 00000003 00000000 00000000 00000000 00000000 00000000
010 14010200E002 00000000 0000000e 00000002 00000000 00000000 00000000 00000000 00000001 00000000 00000000 00000003 00000000 00000000 00000000 00000000 00000000
011 007000000000 00000000 00000000 00000000 00000000 00000000 00000000 00000000 00000001 00000000 00000000 00000003 00000000 00000000 00000000 00000000 00000000
012 0B0712400017 00000000 00000400 00000017 00000000 00000000 00000000 00000000 00000000 00000000 00000000 00000003 00000000 00000000 00000000 00000000 00000000
017 007710001000 00000000 00000001 00000000 00000000 00000000 00000000 00000000 00000000 00000000 00000000 00000003 00000000 00000000 00000000 00000000 00000000
018 0B7102400017 00000000 00000400 00000017 00000000 00000000 00000000 00000000 00000001 00000000 00000000 00000003 00000000 00000000 00000000 00000000 00000000
019 09071240001A 00000000 00000400 0000001a 00000000 00000000 00000000 00000000 00000001 00000000 00000000 00000003 00000000 00000000 00000000 00000000 00000000
01A 090001007000 00000000 00000007 00000000 00000000 00000000 00000000 00000000 00000001 00000000 00000000 00000003 00000000 00000000 00000000 00000000 00000000
007 01AA10002000 00000000 00000002 00000000 00000000 00000000 00000000 00000000 00000001 00000000 00000000 00000003 00000000 00000000 00000000 00000000 00000000
008 0E0A0100A000 00000000 0000000a 00000000 00000000 00000000 00000000 00000000 00000001 00000000 00000000 00000001 00000000 00000000 00000000 00000000 00000000
00A 14010A00F000 00000000 0000000f 00000000 00000000 00000000 00000000 00000000 00000001 00000000 00000000 00000001 00000000 00000000 00000000 00000000 00000000
00B 14010200E001 00000000 0000000e 00000001 00000000 00000000 00000000 00000000 00000001 00000000 00000000 00000001 00000000 00000000 00000000 00000000 00000000
00C 007000000000 00000000 00000000 00000000 00000000 00000000 00000000 00000000 00000001 00000000 00000000 00000001 00000000 00000000 00000000 00000000 00000000
00D 0B0712400013 00000000 00000400 00000013 00000000 00000000 00000000 00000000 00000000 00000000 00000000 00000001 00000000 00000000 00000000 00000000 00000000
013 007710001000 00000000 00000001 00000000 00000000 00000000 00000000 00000000 00000000 00000000 00000000 00000001 00000000 00000000 00000000 00000000 00000000
014 0B7102400013 00000000 00000400 00000013 00000000 00000000 00000000 00000000 00000001 00000000 00000000 00000001 00000000 00000000 00000000 00000000 00000000
015 090712400016 00000000 00000400 00000016 00000000 00000000 00000000 00000000 00000001 00000000 00000000 00000001 00000000 00000000 00000000 00000000 00000000
016 09000100E000 00000000 0000000e 00000000 00000000 00000000 00000000 00000000 00000001 00000000 00000000 00000001 00000000 00000000 00000000 00000000 00000000
00E 00AA10001000 00000000 00000001 00000000 00000000 00000000 00000000 00000000 00000001 00000000 00000000 00000001 00000000 00000000 00000000 00000000 00000000
00F 14010A00F000 00000000 0000000f 00000000 00000000 00000000 00000000 00000000 00000001 00000000 00000000 00000002 00000000 00000000 00000000 00000000 00000000
010 14010200E002 00000000 0000000e 00000002 00000000 00000000 00000000 00000000 00000001 00000000 00000000 00000002 00000000 00000000 00000000 00000000 00000000
011 007000000000 00000000 00000000 00000000 00000000 00000000 00000000 00000000 00000001 00000000 00000000 00000002 00000000 00000000 00000000 00000000 00000000
012 0B0712400017 00000000 00000400 00000017 00000000 00000000 00000000 00000000 00000000 00000000 00000000 00000002 00000000 00000000 00000000 00000000 00000000
017 007710001000 00000000 00000001 00000000 00000000 00000000 00000000 00000000 00000000 00000000 00000000 00000002 00000000 00000000 00000000 00000000 00000000
018 0B7102400017 00000000 00000400 00000017 00000000 00000000 00000000 00000000 00000001 00000000 00000000 00000002 00000000 00000000 00000000 00000000 00000000
019 09071240001A 00000000 00000400 0000001a 00000000 00000000 00000000 00000000 00000001 00000000 00000000 00000002 00000000 00000000 00000000 00000000 00000000
01A 090001007000 00000000 00000007 00000000 00000000 00000000 00000000 00000000 00000001 00000000 00000000 00000002 00000000 00000000 00000000 00000000 00000000
007 01AA10002000 00000000 00000002 00000000 00000000 00000000 00000000 00000000 00000001 00000000 00000000 00000002 00000000 00000000 00000000 00000000 00000000
008 0E0A0100A000 00000000 0000000a 00000000 00000000 00000000 00000000 00000000 00000001 00000000 00000000 00000000 00000000 00000000 00000000 00000000 00000000
00A 14010A00F000 00000000 0000000f 00000000 00000000 00000000 00000000 00000000 00000001 00000000 00000000 00000000 00000000 00000000 00000000 00000000 00000000
00B 14010200E001 00000000 0000000e 00000001 00000000 00000000 00000000 00000000 00000001 00000000 00000000 00000000 00000000 00000000 00000000 00000000 00000000
00C 007000000000 00000000 00000000 00000000 00000000 00000000 00000000 00000000 00000001 00000000 00000000 00000000 00000000 00000000 00000000 00000000 00000000
00D 0B0712400013 00000000 00000400 00000013 00000000 00000000 00000000 00000000 00000000 00000000 00000000 00000000 00000000 00000000 00000000 00000000 00000000
013 007710001000 00000000 00000001 00000000 00000000 00000000 00000000 00000000 00000000 00000000 00000000 00000000 00000000 00000000 00000000 00000000 00000000
014 0B7102400013 00000000 00000400 00000013 00000000 00000000 00000000 00000000 00000001 00000000 00000000 00000000 00000000 00000000 00000000 00000000 00000000
015 090712400016 00000000 00000400 00000016 00000000 00000000 00000000 00000000 00000001 00000000 00000000 00000000 00000000 00000000 00000000 00000000 00000000
016 09000100E000 00000000 0000000e 00000000 00000000 00000000 00000000 00000000 00000001 00000000 00000000 00000000 00000000 00000000 00000000 00000000 00000000
00E 00AA10001000 00000000 00000001 00000000 00000000 00000000 00000000 00000000 00000001 00000000 00000000 00000000 00000000 00000000 00000000 00000000 00000000
00F 14010A00F000 00000000 0000000f 00000000 00000000 00000000 00000000 00000000 00000001 00000000 00000000 00000001 00000000 00000000 00000000 00000000 00000000
010 14010200E002 00000000 0000000e 00000002 00000000 00000000 00000000 00000000 00000001 00000000 00000000 00000001 00000000 00000000 00000000 00000000 00000000
011 007000000000 00000000 00000000 00000000 00000000 00000000 00000000 00000000 00000001 00000000 00000000 00000001 00000000 00000000 00000000 00000000 00000000
012 0B0712400017 00000000 00000400 00000017 00000000 00000000 00000000 00000000 00000000 00000000 00000000 00000001 00000000 00000000 00000000 00000000 00000000
017 007710001000 00000000 00000001 00000000 00000000 00000000 00000000 00000000 00000000 00000000 00000000 00000001 00000000 00000000 00000000 00000000 00000000
018 0B7102400017 00000000 00000400 00000017 00000000 00000000 00000000 00000000 00000001 00000000 00000000 00000001 00000000 00000000 00000000 00000000 00000000
019 09071240001A 00000000 00000400 0000001a 00000000 00000000 00000000 00000000 00000001 00000000 00000000 00000001 00000000 00000000 00000000 00000000 00000000
01A 090001007000 00000000 00000007 00000000 00000000 00000000 00000000 00000000 00000001 00000000 00000000 00000001 00000000 00000000 00000000 00000000 00000000
007 01AA10002000 00000000 00000002 00000000 00000000 00000000 00000000 00000000 00000001 00000000 00000000 00000001 00000000 00000000 00000000 00000000 00000000
008 0E0A0100A000 00000000 0000000a 00000000 00000000 00000000 00000000 00000000 00000001 00000000 00000000 ffffffff 00000000 00000000 00000000 00000000 00000000
009 0B0A0101B000 00000000 0000001b 00000000 00000000 00000000 00000000 00000000 00000001 00000000 00000000 ffffffff 00000000 00000000 00000000 00000000 00000000
01B 150000000000 00000000 00000000 00000000 00000000 00000000 00000000 00000000 00000001 00000000 00000000 ffffffff 00000000 00000000 00000000 00000000 00000000
